spawn:
  world: world
  x: -18.47346646102512
  y: 88.0000
  z: -251.27034505491592
  pitch: 3.5645561
  yaw: 102.33124

lobby:
  world: world
  x: -18.47346646102512
  y: 88.0000
  z: -251.27034505491592
  pitch: 3.5645561
  yaw: 102.33124

setSpawnOnJoin: true
setLobbyOnJoin: false
